0.9 0.1
0.85 0.15
30
0 0.000918
1 0.006477
2 0.022297
3 0.051804
4 0.091219
5 0.127685
6 0.148972
7 0.148959
8 0.130523
9 0.101807
10 0.070957
11 0.044830
12 0.026345
13 0.014276
14 0.007120
15 0.003374
16 0.001483
17 0.000580
18 0.000228
19 0.000096
20 0.000031
21 0.000010
22 0.000006
23 0.000002
24 0.000001
25 0.000000
26 0.000000
27 0.000000
28 0.000000
29 1.000000
70
0 0.000000
1 0.000000
2 0.000000
3 0.000000
4 0.000000
5 0.000000
6 0.000002
7 0.000003
8 0.000007
9 0.000038
10 0.000114
11 0.000306
12 0.000597
13 0.001172
14 0.002414
15 0.004245
16 0.007186
17 0.011401
18 0.017111
19 0.023913
20 0.032455
21 0.042053
22 0.051559
23 0.061456
24 0.068484
25 0.073798
26 0.076941
27 0.076678
28 0.073810
29 0.068475
30 0.061801
31 0.053745
32 0.045216
33 0.037365
34 0.029452
35 0.022477
36 0.016973
37 0.012448
38 0.008959
39 0.006135
40 0.004062
41 0.002728
42 0.001786
43 0.001090
44 0.000661
45 0.000393
46 0.000227
47 0.000128
48 0.000072
49 0.000030
50 0.000015
51 0.000009
52 0.000005
53 0.000003
54 0.000002
55 0.000000
56 0.000000
57 0.000000
58 0.000000
59 0.000000
60 0.000000
61 0.000000
62 0.000000
63 0.000000
64 0.000000
65 0.000000
66 0.000000
67 0.000000
68 0.000000
69 1.000000